x,y,z
0.000000000000,0.000000000000,0.000000000000
0.000000000000,0.000000000000,0.000000000000
0.000000000000,0.000000000000,0.000000000000
0.000000000000,0.000000000000,0.000000000000
0.000000000000,0.000000000000,0.000000000000
0.000000000000,0.000000000000,0.000000000000
0.000000000000,0.000000000000,0.000000000000
0.000000000000,0.000000000000,0.000000000000
0.000000000000,0.000000000000,0.000000000000
0.000000000000,0.000000000000,0.000000000000
0.000000000000,0.000000000000,0.000000000000
0.000000000000,0.000000000000,0.000000000000
0.000000000000,0.000000000000,0.000000000000
0.000000000000,0.000000000000,0.000000000000
0.000000000000,0.000000000000,0.000000000000
0.000000000000,0.000000000000,0.000000000000
0.000000000000,0.000000000000,0.000000000000
0.000000000000,0.000000000000,0.000000000000
0.000000000000,0.000000000000,0.000000000000
0.000000000000,0.000000000000,0.000000000000
0.000000000000,0.000000000000,0.000000000000
0.000000000000,0.000000000000,0.000000000000
0.000000000000,0.000000000000,0.000000000000
0.000000000000,0.000000000000,0.000000000000
0.000000000000,0.000000000000,0.000000000000
0.000000000000,0.000000000000,0.000000000000
0.000000000000,0.000000000000,0.000000000000
0.000000000000,0.000000000000,0.000000000000
0.000000000000,0.000000000000,0.000000000000
0.000000000000,0.000000000000,0.000000000000
0.000000000000,0.000000000000,0.000000000000
0.000000000000,0.000000000000,0.000000000000
0.000000000000,0.000000000000,0.000000000000
0.000000000000,0.000000000000,0.000000000000
0.000000000000,0.000000000000,0.000000000000
0.000000000000,0.000000000000,0.000000000000
0.000000000000,0.000000000000,0.000000000000
0.000000000000,0.000000000000,0.000000000000
0.000000000000,0.000000000000,0.000000000000
0.000000000000,0.000000000000,0.000000000000
43.983742339505,22.541936628295,18.558194288790
44.992138636743,25.200588362365,20.208449725621
45.997668455553,27.376593266645,21.378924873828
47.018560273347,29.364320815209,22.344507330758
47.999229020198,31.316475453870,23.317247042121
48.998426996599,33.314145246703,24.315311694815
49.997135650826,35.314218383060,25.315329802734
50.998837898008,37.314074524540,26.315257621634
51.998840662292,39.314122088099,27.315281407667
52.998840739806,41.314122208595,28.315281468795
53.998832361000,43.314106022367,29.315273661368
54.998859759457,45.313199770441,30.314340011042
55.998806644698,47.314153996907,31.315347343593
56.998142500638,49.310575418241,32.312432910987
58.000546294203,51.242132365309,33.241591342815
59.022839113263,53.343116133292,34.320299555248
0.000042764337,55.187029637919,35.215264381813
1.026193181180,56.965380861561,35.947553779145
1.987315705336,0.007793732097,36.857655983935
3.011620083701,2.672244450445,39.661940622324
0.000000000000,0.000000000000,0.000000000000
0.000000000000,0.000000000000,0.000000000000
0.000000000000,0.000000000000,0.000000000000
0.000000000000,0.000000000000,0.000000000000
0.000000000000,0.000000000000,0.000000000000
0.000000000000,0.000000000000,0.000000000000
0.000000000000,0.000000000000,0.000000000000
0.000000000000,0.000000000000,0.000000000000
0.000000000000,0.000000000000,0.000000000000
0.000000000000,0.000000000000,0.000000000000
0.000000000000,0.000000000000,0.000000000000
0.000000000000,0.000000000000,0.000000000000
0.000000000000,0.000000000000,0.000000000000
0.000000000000,0.000000000000,0.000000000000
0.000000000000,0.000000000000,0.000000000000
0.000000000000,0.000000000000,0.000000000000
0.000000000000,0.000000000000,0.000000000000
0.000000000000,0.000000000000,0.000000000000
0.000000000000,0.000000000000,0.000000000000
0.000000000000,0.000000000000,0.000000000000
0.000000000000,0.000000000000,0.000000000000
0.000000000000,0.000000000000,0.000000000000
0.000000000000,0.000000000000,0.000000000000
0.000000000000,0.000000000000,0.000000000000
0.000000000000,0.000000000000,0.000000000000
0.000000000000,0.000000000000,0.000000000000
0.000000000000,0.000000000000,0.000000000000
0.000000000000,0.000000000000,0.000000000000
0.000000000000,0.000000000000,0.000000000000
0.000000000000,0.000000000000,0.000000000000
0.000000000000,0.000000000000,0.000000000000
0.000000000000,0.000000000000,0.000000000000
0.000000000000,0.000000000000,0.000000000000
0.000000000000,0.000000000000,0.000000000000
0.000000000000,0.000000000000,0.000000000000
0.000000000000,0.000000000000,0.000000000000
0.000000000000,0.000000000000,0.000000000000
0.000000000000,0.000000000000,0.000000000000
0.000000000000,0.000000000000,0.000000000000
0.000000000000,0.000000000000,0.000000000000
0.000000000000,0.000000000000,0.000000000000
0.000000000000,0.000000000000,0.000000000000
0.000000000000,0.000000000000,0.000000000000
0.000000000000,0.000000000000,0.000000000000
0.000000000000,0.000000000000,0.000000000000
0.000000000000,0.000000000000,0.000000000000
0.000000000000,0.000000000000,0.000000000000
0.000000000000,0.000000000000,0.000000000000
0.000000000000,0.000000000000,0.000000000000
0.000000000000,0.000000000000,0.000000000000
0.000000000000,0.000000000000,0.000000000000
0.000000000000,0.000000000000,0.000000000000
0.000000000000,0.000000000000,0.000000000000
0.000000000000,0.000000000000,0.000000000000
0.000000000000,0.000000000000,0.000000000000
0.000000000000,0.000000000000,0.000000000000
0.000000000000,0.000000000000,0.000000000000
0.000000000000,0.000000000000,0.000000000000
0.000000000000,0.000000000000,0.000000000000
0.000000000000,0.000000000000,0.000000000000
0.000000000000,0.000000000000,0.000000000000
0.000000000000,0.000000000000,0.000000000000
0.000000000000,0.000000000000,0.000000000000
0.000000000000,0.000000000000,0.000000000000
0.000000000000,0.000000000000,0.000000000000
0.000000000000,0.000000000000,0.000000000000
0.000000000000,0.000000000000,0.000000000000
0.000000000000,0.000000000000,0.000000000000
0.000000000000,0.000000000000,0.000000000000
0.000000000000,0.000000000000,0.000000000000
0.000000000000,0.000000000000,0.000000000000
0.000000000000,0.000000000000,0.000000000000
0.000000000000,0.000000000000,0.000000000000
0.000000000000,0.000000000000,0.000000000000
0.000000000000,0.000000000000,0.000000000000
0.000000000000,0.000000000000,0.000000000000
0.000000000000,0.000000000000,0.000000000000
0.000000000000,0.000000000000,0.000000000000
0.000000000000,0.000000000000,0.000000000000
0.000000000000,0.000000000000,0.000000000000
44.980861809258,23.090946956079,18.110085146821
45.951499882837,25.886148316950,19.934648434106
60.000000000000,60.000000000000,60.000000000000
60.000000000000,60.000000000000,60.000000000000
0.000000000000,60.000000000000,60.000000000000
60.000000000000,60.000000000000,60.000000000000
60.000000000000,60.000000000000,60.000000000000
60.000000000000,60.000000000000,60.000000000000
60.000000000000,60.000000000000,60.000000000000
60.000000000000,60.000000000000,60.000000000000
60.000000000000,60.000000000000,60.000000000000
16.243712556049,60.000000000000,60.000000000000
0.000000000000,60.000000000000,60.000000000000
60.000000000000,60.000000000000,60.000000000000
60.000000000000,60.000000000000,60.000000000000
60.000000000000,60.000000000000,60.000000000000
60.000000000000,60.000000000000,60.000000000000
2.116771384295,17.386026924747,36.649909468143
2.987015893965,34.480555152074,2.896751948355
3.936756005512,3.375957585008,39.378114631217
0.000000000000,0.000000000000,0.000000000000
0.000000000000,0.000000000000,0.000000000000
0.000000000000,0.000000000000,0.000000000000
0.000000000000,0.000000000000,0.000000000000
0.000000000000,0.000000000000,0.000000000000
0.000000000000,0.000000000000,0.000000000000
0.000000000000,0.000000000000,0.000000000000
0.000000000000,0.000000000000,0.000000000000
0.000000000000,0.000000000000,0.000000000000
0.000000000000,0.000000000000,0.000000000000
0.000000000000,0.000000000000,0.000000000000
0.000000000000,0.000000000000,0.000000000000
0.000000000000,0.000000000000,0.000000000000
0.000000000000,0.000000000000,0.000000000000
0.000000000000,0.000000000000,0.000000000000
0.000000000000,0.000000000000,0.000000000000
0.000000000000,0.000000000000,0.000000000000
0.000000000000,0.000000000000,0.000000000000
0.000000000000,0.000000000000,0.000000000000
0.000000000000,0.000000000000,0.000000000000
0.000000000000,0.000000000000,0.000000000000
0.000000000000,0.000000000000,0.000000000000
0.000000000000,0.000000000000,0.000000000000
0.000000000000,0.000000000000,0.000000000000
0.000000000000,0.000000000000,0.000000000000
0.000000000000,0.000000000000,0.000000000000
0.000000000000,0.000000000000,0.000000000000
0.000000000000,0.000000000000,0.000000000000
0.000000000000,0.000000000000,0.000000000000
0.000000000000,0.000000000000,0.000000000000
0.000000000000,0.000000000000,0.000000000000
0.000000000000,0.000000000000,0.000000000000
0.000000000000,0.000000000000,0.000000000000
0.000000000000,0.000000000000,0.000000000000
0.000000000000,0.000000000000,0.000000000000
0.000000000000,0.000000000000,0.000000000000
0.000000000000,0.000000000000,0.000000000000
0.000000000000,0.000000000000,0.000000000000
0.000000000000,0.000000000000,0.000000000000
0.000000000000,0.000000000000,0.000000000000
0.000000000000,0.000000000000,0.000000000000
0.000000000000,0.000000000000,0.000000000000
0.000000000000,0.000000000000,0.000000000000
0.000000000000,0.000000000000,0.000000000000
0.000000000000,0.000000000000,0.000000000000
0.000000000000,0.000000000000,0.000000000000
0.000000000000,0.000000000000,0.000000000000
0.000000000000,0.000000000000,0.000000000000
0.000000000000,0.000000000000,0.000000000000
0.000000000000,0.000000000000,0.000000000000
0.000000000000,0.000000000000,0.000000000000
0.000000000000,0.000000000000,0.000000000000
0.000000000000,0.000000000000,0.000000000000
0.000000000000,0.000000000000,0.000000000000
0.000000000000,0.000000000000,0.000000000000
0.000000000000,0.000000000000,0.000000000000
0.000000000000,0.000000000000,0.000000000000
0.000000000000,0.000000000000,0.000000000000
0.000000000000,0.000000000000,0.000000000000
0.000000000000,0.000000000000,0.000000000000
0.000000000000,0.000000000000,0.000000000000
0.000000000000,0.000000000000,0.000000000000
0.000000000000,0.000000000000,0.000000000000
0.000000000000,0.000000000000,0.000000000000
0.000000000000,0.000000000000,0.000000000000
0.000000000000,0.000000000000,0.000000000000
0.000000000000,0.000000000000,0.000000000000
0.000000000000,0.000000000000,0.000000000000
0.000000000000,0.000000000000,0.000000000000
0.000000000000,0.000000000000,0.000000000000
0.000000000000,0.000000000000,0.000000000000
0.000000000000,0.000000000000,0.000000000000
0.000000000000,0.000000000000,0.000000000000
0.000000000000,0.000000000000,0.000000000000
0.000000000000,0.000000000000,0.000000000000
0.000000000000,0.000000000000,0.000000000000
0.000000000000,0.000000000000,0.000000000000
0.000000000000,0.000000000000,0.000000000000
0.000000000000,0.000000000000,0.000000000000
0.000000000000,0.000000000000,0.000000000000
45.981951973389,23.591810084015,17.609858110627
60.000000000000,60.000000000000,60.000000000000
60.000000000000,60.000000000000,60.000000000000
0.000000000000,60.000000000000,60.000000000000
45.046329096651,60.000000000000,60.000000000000
0.000000000000,60.000000000000,60.000000000000
0.000000000000,60.000000000000,60.000000000000
0.000000000000,60.000000000000,60.000000000000
0.000000000000,60.000000000000,60.000000000000
0.000000000000,60.000000000000,60.000000000000
0.000000000000,60.000000000000,60.000000000000
0.000000000000,60.000000000000,60.000000000000
60.000000000000,60.000000000000,60.000000000000
60.000000000000,60.000000000000,60.000000000000
60.000000000000,60.000000000000,60.000000000000
60.000000000000,60.000000000000,60.000000000000
1.901198152798,31.208395335158,60.000000000000
3.204466071925,51.243841046598,15.864108541490
3.925660917163,1.359766072015,37.378448267325
5.014447707141,4.272438866193,39.288216214336
0.000000000000,0.000000000000,0.000000000000
0.000000000000,0.000000000000,0.000000000000
0.000000000000,0.000000000000,0.000000000000
0.000000000000,0.000000000000,0.000000000000
0.000000000000,0.000000000000,0.000000000000
0.000000000000,0.000000000000,0.000000000000
0.000000000000,0.000000000000,0.000000000000
0.000000000000,0.000000000000,0.000000000000
0.000000000000,0.000000000000,0.000000000000
0.000000000000,0.000000000000,0.000000000000
0.000000000000,0.000000000000,0.000000000000
0.000000000000,0.000000000000,0.000000000000
0.000000000000,0.000000000000,0.000000000000
0.000000000000,0.000000000000,0.000000000000
0.000000000000,0.000000000000,0.000000000000
0.000000000000,0.000000000000,0.000000000000
0.000000000000,0.000000000000,0.000000000000
0.000000000000,0.000000000000,0.000000000000
0.000000000000,0.000000000000,0.000000000000
0.000000000000,0.000000000000,0.000000000000
0.000000000000,0.000000000000,0.000000000000
0.000000000000,0.000000000000,0.000000000000
0.000000000000,0.000000000000,0.000000000000
0.000000000000,0.000000000000,0.000000000000
0.000000000000,0.000000000000,0.000000000000
0.000000000000,0.000000000000,0.000000000000
0.000000000000,0.000000000000,0.000000000000
0.000000000000,0.000000000000,0.000000000000
0.000000000000,0.000000000000,0.000000000000
0.000000000000,0.000000000000,0.000000000000
0.000000000000,0.000000000000,0.000000000000
0.000000000000,0.000000000000,0.000000000000
0.000000000000,0.000000000000,0.000000000000
0.000000000000,0.000000000000,0.000000000000
0.000000000000,0.000000000000,0.000000000000
0.000000000000,0.000000000000,0.000000000000
0.000000000000,0.000000000000,0.000000000000
0.000000000000,0.000000000000,0.000000000000
0.000000000000,0.000000000000,0.000000000000
0.000000000000,0.000000000000,0.000000000000
0.000000000000,0.000000000000,0.000000000000
0.000000000000,0.000000000000,0.000000000000
0.000000000000,0.000000000000,0.000000000000
0.000000000000,0.000000000000,0.000000000000
0.000000000000,0.000000000000,0.000000000000
0.000000000000,0.000000000000,0.000000000000
0.000000000000,0.000000000000,0.000000000000
0.000000000000,0.000000000000,0.000000000000
0.000000000000,0.000000000000,0.000000000000
0.000000000000,0.000000000000,0.000000000000
0.000000000000,0.000000000000,0.000000000000
0.000000000000,0.000000000000,0.000000000000
0.000000000000,0.000000000000,0.000000000000
0.000000000000,0.000000000000,0.000000000000
0.000000000000,0.000000000000,0.000000000000
0.000000000000,0.000000000000,0.000000000000
0.000000000000,0.000000000000,0.000000000000
0.000000000000,0.000000000000,0.000000000000
0.000000000000,0.000000000000,0.000000000000
0.000000000000,0.000000000000,0.000000000000
0.000000000000,0.000000000000,0.000000000000
0.000000000000,0.000000000000,0.000000000000
0.000000000000,0.000000000000,0.000000000000
0.000000000000,0.000000000000,0.000000000000
0.000000000000,0.000000000000,0.000000000000
0.000000000000,0.000000000000,0.000000000000
0.000000000000,0.000000000000,0.000000000000
0.000000000000,0.000000000000,0.000000000000
0.000000000000,0.000000000000,0.000000000000
0.000000000000,0.000000000000,0.000000000000
0.000000000000,0.000000000000,0.000000000000
0.000000000000,0.000000000000,0.000000000000
0.000000000000,0.000000000000,0.000000000000
0.000000000000,0.000000000000,0.000000000000
0.000000000000,0.000000000000,0.000000000000
0.000000000000,0.000000000000,0.000000000000
0.000000000000,0.000000000000,0.000000000000
0.000000000000,0.000000000000,0.000000000000
0.000000000000,0.000000000000,0.000000000000
0.000000000000,0.000000000000,0.000000000000
39.984977739916,19.275493928485,19.290516188569
40.993504189727,21.939732676452,20.946228486726
41.998264953665,24.206542918557,22.208277964895
43.000119246271,26.117200463288,23.117081217017
44.000385586017,28.067609829851,24.067224243833
44.999975206341,30.065909589595,25.065934383254
45.999965238784,32.065869264814,26.065904026030
46.999965008638,34.065868516427,27.065903507789
47.999965004433,36.065868517855,28.065903513423
48.999964951973,38.065868410557,29.065903458584
49.999956613373,40.065851797545,30.065895184171
50.999984013989,42.064945637419,31.064961623410
51.999932177540,44.065904427725,32.065972241533
52.999252973008,46.062472936053,33.063219956330
54.001368944974,47.992658234489,33.991294414528
54.999950540874,50.080361829795,35.080434776379
56.003820925090,52.013507596214,36.010017384938
56.986471199004,54.363882453197,37.378084219708
58.023368625632,56.030424938215,37.942786055585
59.014797289437,58.732785563963,39.717015896759
0.000000000000,0.000000000000,0.000000000000
0.000000000000,0.000000000000,0.000000000000
0.000000000000,0.000000000000,0.000000000000
0.000000000000,0.000000000000,0.000000000000
0.000000000000,0.000000000000,0.000000000000
0.000000000000,0.000000000000,0.000000000000
0.000000000000,0.000000000000,0.000000000000
0.000000000000,0.000000000000,0.000000000000
0.000000000000,0.000000000000,0.000000000000
0.000000000000,0.000000000000,0.000000000000
0.000000000000,0.000000000000,0.000000000000
0.000000000000,0.000000000000,0.000000000000
0.000000000000,0.000000000000,0.000000000000
0.000000000000,0.000000000000,0.000000000000
0.000000000000,0.000000000000,0.000000000000
0.000000000000,0.000000000000,0.000000000000
0.000000000000,0.000000000000,0.000000000000
0.000000000000,0.000000000000,0.000000000000
0.000000000000,0.000000000000,0.000000000000
0.000000000000,0.000000000000,0.000000000000
0.000000000000,0.000000000000,0.000000000000
0.000000000000,0.000000000000,0.000000000000
0.000000000000,0.000000000000,0.000000000000
0.000000000000,0.000000000000,0.000000000000
0.000000000000,0.000000000000,0.000000000000
0.000000000000,0.000000000000,0.000000000000
0.000000000000,0.000000000000,0.000000000000
0.000000000000,0.000000000000,0.000000000000
0.000000000000,0.000000000000,0.000000000000
0.000000000000,0.000000000000,0.000000000000
0.000000000000,0.000000000000,0.000000000000
0.000000000000,0.000000000000,0.000000000000
0.000000000000,0.000000000000,0.000000000000
0.000000000000,0.000000000000,0.000000000000
0.000000000000,0.000000000000,0.000000000000
0.000000000000,0.000000000000,0.000000000000
0.000000000000,0.000000000000,0.000000000000
0.000000000000,0.000000000000,0.000000000000
0.000000000000,0.000000000000,0.000000000000
0.000000000000,0.000000000000,0.000000000000
0.000000000000,0.000000000000,0.000000000000
0.000000000000,0.000000000000,0.000000000000
0.000000000000,0.000000000000,0.000000000000
0.000000000000,0.000000000000,0.000000000000
0.000000000000,0.000000000000,0.000000000000
0.000000000000,0.000000000000,0.000000000000
0.000000000000,0.000000000000,0.000000000000
0.000000000000,0.000000000000,0.000000000000
0.000000000000,0.000000000000,0.000000000000
0.000000000000,0.000000000000,0.000000000000
0.000000000000,0.000000000000,0.000000000000
0.000000000000,0.000000000000,0.000000000000
0.000000000000,0.000000000000,0.000000000000
0.000000000000,0.000000000000,0.000000000000
0.000000000000,0.000000000000,0.000000000000
0.000000000000,0.000000000000,0.000000000000
0.000000000000,0.000000000000,0.000000000000
0.000000000000,0.000000000000,0.000000000000
0.000000000000,0.000000000000,0.000000000000
0.000000000000,0.000000000000,0.000000000000
0.000000000000,0.000000000000,0.000000000000
0.000000000000,0.000000000000,0.000000000000
0.000000000000,0.000000000000,0.000000000000
0.000000000000,0.000000000000,0.000000000000
0.000000000000,0.000000000000,0.000000000000
0.000000000000,0.000000000000,0.000000000000
0.000000000000,0.000000000000,0.000000000000
0.000000000000,0.000000000000,0.000000000000
0.000000000000,0.000000000000,0.000000000000
0.000000000000,0.000000000000,0.000000000000
0.000000000000,0.000000000000,0.000000000000
0.000000000000,0.000000000000,0.000000000000
0.000000000000,0.000000000000,0.000000000000
0.000000000000,0.000000000000,0.000000000000
0.000000000000,0.000000000000,0.000000000000
0.000000000000,0.000000000000,0.000000000000
0.000000000000,0.000000000000,0.000000000000
0.000000000000,0.000000000000,0.000000000000
0.000000000000,0.000000000000,0.000000000000
0.000000000000,0.000000000000,0.000000000000
40.982405636339,19.353605259768,18.371199623429
41.991962440888,21.708121565818,19.716159124923
60.000000000000,60.000000000000,60.000000000000
43.947027143920,21.655398264586,25.601558263765
0.000000000000,60.000000000000,60.000000000000
41.383852794074,60.000000000000,60.000000000000
46.646769232766,60.000000000000,60.000000000000
60.000000000000,60.000000000000,60.000000000000
0.000000000000,60.000000000000,60.000000000000
0.000000000000,60.000000000000,60.000000000000
0.000000000000,60.000000000000,60.000000000000
0.000000000000,60.000000000000,60.000000000000
0.000000000000,60.000000000000,60.000000000000
53.940714956206,10.467100447963,24.407814506299
60.000000000000,60.000000000000,60.000000000000
55.995973580119,49.141704959224,33.146243692550
60.000000000000,60.000000000000,60.000000000000
58.000973848179,54.290491418577,36.299292808797
59.027740411590,56.477237315981,37.542706176106
0.075499835647,59.749076274852,39.762930170764
0.000000000000,0.000000000000,0.000000000000
0.000000000000,0.000000000000,0.000000000000
0.000000000000,0.000000000000,0.000000000000
0.000000000000,0.000000000000,0.000000000000
0.000000000000,0.000000000000,0.000000000000
0.000000000000,0.000000000000,0.000000000000
0.000000000000,0.000000000000,0.000000000000
0.000000000000,0.000000000000,0.000000000000
0.000000000000,0.000000000000,0.000000000000
0.000000000000,0.000000000000,0.000000000000
0.000000000000,0.000000000000,0.000000000000
0.000000000000,0.000000000000,0.000000000000
0.000000000000,0.000000000000,0.000000000000
0.000000000000,0.000000000000,0.000000000000
0.000000000000,0.000000000000,0.000000000000
0.000000000000,0.000000000000,0.000000000000
0.000000000000,0.000000000000,0.000000000000
0.000000000000,0.000000000000,0.000000000000
0.000000000000,0.000000000000,0.000000000000
0.000000000000,0.000000000000,0.000000000000
0.000000000000,0.000000000000,0.000000000000
0.000000000000,0.000000000000,0.000000000000
0.000000000000,0.000000000000,0.000000000000
0.000000000000,0.000000000000,0.000000000000
0.000000000000,0.000000000000,0.000000000000
0.000000000000,0.000000000000,0.000000000000
0.000000000000,0.000000000000,0.000000000000
0.000000000000,0.000000000000,0.000000000000
0.000000000000,0.000000000000,0.000000000000
0.000000000000,0.000000000000,0.000000000000
0.000000000000,0.000000000000,0.000000000000
0.000000000000,0.000000000000,0.000000000000
0.000000000000,0.000000000000,0.000000000000
0.000000000000,0.000000000000,0.000000000000
0.000000000000,0.000000000000,0.000000000000
0.000000000000,0.000000000000,0.000000000000
0.000000000000,0.000000000000,0.000000000000
0.000000000000,0.000000000000,0.000000000000
0.000000000000,0.000000000000,0.000000000000
0.000000000000,0.000000000000,0.000000000000
0.000000000000,0.000000000000,0.000000000000
0.000000000000,0.000000000000,0.000000000000
0.000000000000,0.000000000000,0.000000000000
0.000000000000,0.000000000000,0.000000000000
0.000000000000,0.000000000000,0.000000000000
0.000000000000,0.000000000000,0.000000000000
0.000000000000,0.000000000000,0.000000000000
0.000000000000,0.000000000000,0.000000000000
0.000000000000,0.000000000000,0.000000000000
0.000000000000,0.000000000000,0.000000000000
0.000000000000,0.000000000000,0.000000000000
0.000000000000,0.000000000000,0.000000000000
0.000000000000,0.000000000000,0.000000000000
0.000000000000,0.000000000000,0.000000000000
0.000000000000,0.000000000000,0.000000000000
0.000000000000,0.000000000000,0.000000000000
0.000000000000,0.000000000000,0.000000000000
0.000000000000,0.000000000000,0.000000000000
0.000000000000,0.000000000000,0.000000000000
0.000000000000,0.000000000000,0.000000000000
0.000000000000,0.000000000000,0.000000000000
0.000000000000,0.000000000000,0.000000000000
0.000000000000,0.000000000000,0.000000000000
0.000000000000,0.000000000000,0.000000000000
0.000000000000,0.000000000000,0.000000000000
0.000000000000,0.000000000000,0.000000000000
0.000000000000,0.000000000000,0.000000000000
0.000000000000,0.000000000000,0.000000000000
0.000000000000,0.000000000000,0.000000000000
0.000000000000,0.000000000000,0.000000000000
0.000000000000,0.000000000000,0.000000000000
0.000000000000,0.000000000000,0.000000000000
0.000000000000,0.000000000000,0.000000000000
0.000000000000,0.000000000000,0.000000000000
0.000000000000,0.000000000000,0.000000000000
0.000000000000,0.000000000000,0.000000000000
0.000000000000,0.000000000000,0.000000000000
0.000000000000,0.000000000000,0.000000000000
0.000000000000,0.000000000000,0.000000000000
0.000000000000,0.000000000000,0.000000000000
41.980672974191,20.118147938682,18.137474964491
60.000000000000,60.000000000000,60.000000000000
44.183839042737,1.787189300126,6.884594763497
0.000000000000,60.000000000000,60.000000000000
44.813841721835,60.000000000000,60.000000000000
0.000000000000,60.000000000000,60.000000000000
0.000000000000,60.000000000000,60.000000000000
0.000000000000,60.000000000000,60.000000000000
0.000000000000,60.000000000000,60.000000000000
0.000000000000,60.000000000000,60.000000000000
0.000000000000,60.000000000000,60.000000000000
0.000000000000,60.000000000000,60.000000000000
52.645572176229,55.837164513722,55.909703678293
60.000000000000,60.000000000000,60.000000000000
34.902148986799,38.914987778884,2.703152098416
60.000000000000,60.000000000000,60.000000000000
57.954963254820,34.647956798580,16.687243993880
59.254412170142,21.765036273448,38.225702645941
0.001290561529,21.833782302137,2.107574937207
0.997864892858,0.000645973917,38.865677063220
0.000000000000,0.000000000000,0.000000000000
0.000000000000,0.000000000000,0.000000000000
0.000000000000,0.000000000000,0.000000000000
0.000000000000,0.000000000000,0.000000000000
0.000000000000,0.000000000000,0.000000000000
0.000000000000,0.000000000000,0.000000000000
0.000000000000,0.000000000000,0.000000000000
0.000000000000,0.000000000000,0.000000000000
0.000000000000,0.000000000000,0.000000000000
0.000000000000,0.000000000000,0.000000000000
0.000000000000,0.000000000000,0.000000000000
0.000000000000,0.000000000000,0.000000000000
0.000000000000,0.000000000000,0.000000000000
0.000000000000,0.000000000000,0.000000000000
0.000000000000,0.000000000000,0.000000000000
0.000000000000,0.000000000000,0.000000000000
0.000000000000,0.000000000000,0.000000000000
0.000000000000,0.000000000000,0.000000000000
0.000000000000,0.000000000000,0.000000000000
0.000000000000,0.000000000000,0.000000000000
0.000000000000,0.000000000000,0.000000000000
0.000000000000,0.000000000000,0.000000000000
0.000000000000,0.000000000000,0.000000000000
0.000000000000,0.000000000000,0.000000000000
0.000000000000,0.000000000000,0.000000000000
0.000000000000,0.000000000000,0.000000000000
0.000000000000,0.000000000000,0.000000000000
0.000000000000,0.000000000000,0.000000000000
0.000000000000,0.000000000000,0.000000000000
0.000000000000,0.000000000000,0.000000000000
0.000000000000,0.000000000000,0.000000000000
0.000000000000,0.000000000000,0.000000000000
0.000000000000,0.000000000000,0.000000000000
0.000000000000,0.000000000000,0.000000000000
0.000000000000,0.000000000000,0.000000000000
0.000000000000,0.000000000000,0.000000000000
0.000000000000,0.000000000000,0.000000000000
0.000000000000,0.000000000000,0.000000000000
0.000000000000,0.000000000000,0.000000000000
0.000000000000,0.000000000000,0.000000000000
0.000000000000,0.000000000000,0.000000000000
0.000000000000,0.000000000000,0.000000000000
0.000000000000,0.000000000000,0.000000000000
0.000000000000,0.000000000000,0.000000000000
0.000000000000,0.000000000000,0.000000000000
0.000000000000,0.000000000000,0.000000000000
0.000000000000,0.000000000000,0.000000000000
0.000000000000,0.000000000000,0.000000000000
0.000000000000,0.000000000000,0.000000000000
0.000000000000,0.000000000000,0.000000000000
0.000000000000,0.000000000000,0.000000000000
0.000000000000,0.000000000000,0.000000000000
0.000000000000,0.000000000000,0.000000000000
0.000000000000,0.000000000000,0.000000000000
0.000000000000,0.000000000000,0.000000000000
0.000000000000,0.000000000000,0.000000000000
0.000000000000,0.000000000000,0.000000000000
0.000000000000,0.000000000000,0.000000000000
0.000000000000,0.000000000000,0.000000000000
0.000000000000,0.000000000000,0.000000000000
0.000000000000,0.000000000000,0.000000000000
0.000000000000,0.000000000000,0.000000000000
0.000000000000,0.000000000000,0.000000000000
0.000000000000,0.000000000000,0.000000000000
0.000000000000,0.000000000000,0.000000000000
0.000000000000,0.000000000000,0.000000000000
0.000000000000,0.000000000000,0.000000000000
0.000000000000,0.000000000000,0.000000000000
0.000000000000,0.000000000000,0.000000000000
0.000000000000,0.000000000000,0.000000000000
0.000000000000,0.000000000000,0.000000000000
0.000000000000,0.000000000000,0.000000000000
0.000000000000,0.000000000000,0.000000000000
0.000000000000,0.000000000000,0.000000000000
0.000000000000,0.000000000000,0.000000000000
0.000000000000,0.000000000000,0.000000000000
0.000000000000,0.000000000000,0.000000000000
0.000000000000,0.000000000000,0.000000000000
0.000000000000,0.000000000000,0.000000000000
0.000000000000,0.000000000000,0.000000000000
42.984983034985,21.515649443079,18.530666408094
43.996970419314,27.287704029665,23.290733610351
60.000000000000,60.000000000000,60.000000000000
49.765857849929,33.922053110234,33.989312242480
60.000000000000,60.000000000000,60.000000000000
60.000000000000,60.000000000000,60.000000000000
60.000000000000,60.000000000000,60.000000000000
4.268914665242,0.000000000000,0.000000000000
60.000000000000,0.000000000000,0.000000000000
60.000000000000,0.000000000000,0.000000000000
60.000000000000,0.000000000000,0.000000000000
60.000000000000,60.000000000000,60.000000000000
60.000000000000,60.000000000000,60.000000000000
26.536148393946,44.572918764724,40.854662391000
60.000000000000,60.000000000000,60.000000000000
58.030028587344,31.205463754033,48.641250723163
58.902412484153,33.693347010606,60.000000000000
0.004452234256,5.525010272107,13.756035140957
1.024933647593,59.890444985295,39.093850007791
1.998696801322,1.692195115412,39.722589056172
0.000000000000,0.000000000000,0.000000000000
0.000000000000,0.000000000000,0.000000000000
0.000000000000,0.000000000000,0.000000000000
0.000000000000,0.000000000000,0.000000000000
0.000000000000,0.000000000000,0.000000000000
0.000000000000,0.000000000000,0.000000000000
0.000000000000,0.000000000000,0.000000000000
0.000000000000,0.000000000000,0.000000000000
0.000000000000,0.000000000000,0.000000000000
0.000000000000,0.000000000000,0.000000000000
0.000000000000,0.000000000000,0.000000000000
0.000000000000,0.000000000000,0.000000000000
0.000000000000,0.000000000000,0.000000000000
0.000000000000,0.000000000000,0.000000000000
0.000000000000,0.000000000000,0.000000000000
0.000000000000,0.000000000000,0.000000000000
0.000000000000,0.000000000000,0.000000000000
0.000000000000,0.000000000000,0.000000000000
0.000000000000,0.000000000000,0.000000000000
0.000000000000,0.000000000000,0.000000000000
0.000000000000,0.000000000000,0.000000000000
0.000000000000,0.000000000000,0.000000000000
0.000000000000,0.000000000000,0.000000000000
0.000000000000,0.000000000000,0.000000000000
0.000000000000,0.000000000000,0.000000000000
0.000000000000,0.000000000000,0.000000000000
0.000000000000,0.000000000000,0.000000000000
0.000000000000,0.000000000000,0.000000000000
0.000000000000,0.000000000000,0.000000000000
0.000000000000,0.000000000000,0.000000000000
0.000000000000,0.000000000000,0.000000000000
0.000000000000,0.000000000000,0.000000000000
0.000000000000,0.000000000000,0.000000000000
0.000000000000,0.000000000000,0.000000000000
0.000000000000,0.000000000000,0.000000000000
0.000000000000,0.000000000000,0.000000000000
0.000000000000,0.000000000000,0.000000000000
0.000000000000,0.000000000000,0.000000000000
0.000000000000,0.000000000000,0.000000000000
0.000000000000,0.000000000000,0.000000000000
