x,y,z
0.000000000000,0.000000000000,0.000000000000
0.000000000000,0.000000000000,0.000000000000
0.000000000000,0.000000000000,0.000000000000
0.000000000000,0.000000000000,0.000000000000
0.000000000000,0.000000000000,0.000000000000
0.000000000000,0.000000000000,0.000000000000
0.000000000000,0.000000000000,0.000000000000
0.000000000000,0.000000000000,0.000000000000
0.000000000000,0.000000000000,0.000000000000
0.000000000000,0.000000000000,0.000000000000
0.000000000000,0.000000000000,0.000000000000
0.000000000000,0.000000000000,0.000000000000
0.000000000000,0.000000000000,0.000000000000
0.000000000000,0.000000000000,0.000000000000
0.000000000000,0.000000000000,0.000000000000
0.000000000000,0.000000000000,0.000000000000
0.000000000000,0.000000000000,0.000000000000
0.000000000000,0.000000000000,0.000000000000
0.000000000000,0.000000000000,0.000000000000
0.000000000000,0.000000000000,0.000000000000
0.000000000000,0.000000000000,0.000000000000
0.000000000000,0.000000000000,0.000000000000
0.000000000000,0.000000000000,0.000000000000
0.000000000000,0.000000000000,0.000000000000
0.000000000000,0.000000000000,0.000000000000
0.000000000000,0.000000000000,0.000000000000
0.000000000000,0.000000000000,0.000000000000
0.000000000000,0.000000000000,0.000000000000
0.000000000000,0.000000000000,0.000000000000
0.000000000000,0.000000000000,0.000000000000
0.000000000000,0.000000000000,0.000000000000
0.000000000000,0.000000000000,0.000000000000
0.000000000000,0.000000000000,0.000000000000
0.000000000000,0.000000000000,0.000000000000
0.000000000000,0.000000000000,0.000000000000
0.000000000000,0.000000000000,0.000000000000
0.000000000000,0.000000000000,0.000000000000
0.000000000000,0.000000000000,0.000000000000
0.000000000000,0.000000000000,0.000000000000
0.000000000000,0.000000000000,0.000000000000
43.983742339505,22.541936628295,18.558194288790
44.992138636743,25.200588362365,20.208449725621
45.997668455553,27.376593266645,21.378924873828
47.018560273347,29.364320815209,22.344507330758
47.999229020198,31.316475453870,23.317247042121
48.998426996599,33.314145246703,24.315311694815
49.997135650934,35.314218383059,25.315329802734
50.998837898008,37.314074524540,26.315257621634
51.998840662292,39.314122088099,27.315281407667
52.998840739806,41.314122208595,28.315281468795
53.998832361000,43.314106022367,29.315273661368
54.998859759457,45.313199770441,30.314340011042
55.998806644704,47.314153996917,31.315347343598
56.998142502630,49.310575421626,32.312432912376
58.000546322384,51.242132627000,33.241591578595
59.022839114931,53.343116090039,34.320299465172
0.000042764502,55.187029631430,35.215264379234
1.026193143469,56.965380527426,35.947553472855
1.987315785936,0.007793641782,36.857658861443
3.011619991218,2.672255807743,39.661946320877
0.000000000000,0.000000000000,0.000000000000
0.000000000000,0.000000000000,0.000000000000
0.000000000000,0.000000000000,0.000000000000
0.000000000000,0.000000000000,0.000000000000
0.000000000000,0.000000000000,0.000000000000
0.000000000000,0.000000000000,0.000000000000
0.000000000000,0.000000000000,0.000000000000
0.000000000000,0.000000000000,0.000000000000
0.000000000000,0.000000000000,0.000000000000
0.000000000000,0.000000000000,0.000000000000
0.000000000000,0.000000000000,0.000000000000
0.000000000000,0.000000000000,0.000000000000
0.000000000000,0.000000000000,0.000000000000
0.000000000000,0.000000000000,0.000000000000
0.000000000000,0.000000000000,0.000000000000
0.000000000000,0.000000000000,0.000000000000
0.000000000000,0.000000000000,0.000000000000
0.000000000000,0.000000000000,0.000000000000
0.000000000000,0.000000000000,0.000000000000
0.000000000000,0.000000000000,0.000000000000
0.000000000000,0.000000000000,0.000000000000
0.000000000000,0.000000000000,0.000000000000
0.000000000000,0.000000000000,0.000000000000
0.000000000000,0.000000000000,0.000000000000
0.000000000000,0.000000000000,0.000000000000
0.000000000000,0.000000000000,0.000000000000
0.000000000000,0.000000000000,0.000000000000
0.000000000000,0.000000000000,0.000000000000
0.000000000000,0.000000000000,0.000000000000
0.000000000000,0.000000000000,0.000000000000
0.000000000000,0.000000000000,0.000000000000
0.000000000000,0.000000000000,0.000000000000
0.000000000000,0.000000000000,0.000000000000
0.000000000000,0.000000000000,0.000000000000
0.000000000000,0.000000000000,0.000000000000
0.000000000000,0.000000000000,0.000000000000
0.000000000000,0.000000000000,0.000000000000
0.000000000000,0.000000000000,0.000000000000
0.000000000000,0.000000000000,0.000000000000
0.000000000000,0.000000000000,0.000000000000
0.000000000000,0.000000000000,0.000000000000
0.000000000000,0.000000000000,0.000000000000
0.000000000000,0.000000000000,0.000000000000
0.000000000000,0.000000000000,0.000000000000
0.000000000000,0.000000000000,0.000000000000
0.000000000000,0.000000000000,0.000000000000
0.000000000000,0.000000000000,0.000000000000
0.000000000000,0.000000000000,0.000000000000
0.000000000000,0.000000000000,0.000000000000
0.000000000000,0.000000000000,0.000000000000
0.000000000000,0.000000000000,0.000000000000
0.000000000000,0.000000000000,0.000000000000
0.000000000000,0.000000000000,0.000000000000
0.000000000000,0.000000000000,0.000000000000
0.000000000000,0.000000000000,0.000000000000
0.000000000000,0.000000000000,0.000000000000
0.000000000000,0.000000000000,0.000000000000
0.000000000000,0.000000000000,0.000000000000
0.000000000000,0.000000000000,0.000000000000
0.000000000000,0.000000000000,0.000000000000
0.000000000000,0.000000000000,0.000000000000
0.000000000000,0.000000000000,0.000000000000
0.000000000000,0.000000000000,0.000000000000
0.000000000000,0.000000000000,0.000000000000
0.000000000000,0.000000000000,0.000000000000
0.000000000000,0.000000000000,0.000000000000
0.000000000000,0.000000000000,0.000000000000
0.000000000000,0.000000000000,0.000000000000
0.000000000000,0.000000000000,0.000000000000
0.000000000000,0.000000000000,0.000000000000
0.000000000000,0.000000000000,0.000000000000
0.000000000000,0.000000000000,0.000000000000
0.000000000000,0.000000000000,0.000000000000
0.000000000000,0.000000000000,0.000000000000
0.000000000000,0.000000000000,0.000000000000
0.000000000000,0.000000000000,0.000000000000
0.000000000000,0.000000000000,0.000000000000
0.000000000000,0.000000000000,0.000000000000
0.000000000000,0.000000000000,0.000000000000
0.000000000000,0.000000000000,0.000000000000
44.980861809258,23.090946956079,18.110085146821
45.951499882837,25.886148316950,19.934648434106
60.000000000000,60.000000000000,60.000000000000
60.000000000000,60.000000000000,60.000000000000
0.000000000000,60.000000000000,60.000000000000
60.000000000000,60.000000000000,60.000000000000
60.000000000000,60.000000000000,60.000000000000
60.000000000000,60.000000000000,60.000000000000
60.000000000000,60.000000000000,60.000000000000
60.000000000000,60.000000000000,60.000000000000
60.000000000000,60.000000000000,60.000000000000
16.243712880268,60.000000000000,60.000000000000
0.000000000000,60.000000000000,60.000000000000
60.000000000000,60.000000000000,60.000000000000
60.000000000000,60.000000000000,60.000000000000
60.000000000000,60.000000000000,60.000000000000
60.000000000000,60.000000000000,60.000000000000
2.116837950838,17.375931939187,36.640173354911
2.987015255026,34.480552807283,2.896756621081
3.936756098091,3.375957621672,39.378114663419
0.000000000000,0.000000000000,0.000000000000
0.000000000000,0.000000000000,0.000000000000
0.000000000000,0.000000000000,0.000000000000
0.000000000000,0.000000000000,0.000000000000
0.000000000000,0.000000000000,0.000000000000
0.000000000000,0.000000000000,0.000000000000
0.000000000000,0.000000000000,0.000000000000
0.000000000000,0.000000000000,0.000000000000
0.000000000000,0.000000000000,0.000000000000
0.000000000000,0.000000000000,0.000000000000
0.000000000000,0.000000000000,0.000000000000
0.000000000000,0.000000000000,0.000000000000
0.000000000000,0.000000000000,0.000000000000
0.000000000000,0.000000000000,0.000000000000
0.000000000000,0.000000000000,0.000000000000
0.000000000000,0.000000000000,0.000000000000
0.000000000000,0.000000000000,0.000000000000
0.000000000000,0.000000000000,0.000000000000
0.000000000000,0.000000000000,0.000000000000
0.000000000000,0.000000000000,0.000000000000
0.000000000000,0.000000000000,0.000000000000
0.000000000000,0.000000000000,0.000000000000
0.000000000000,0.000000000000,0.000000000000
0.000000000000,0.000000000000,0.000000000000
0.000000000000,0.000000000000,0.000000000000
0.000000000000,0.000000000000,0.000000000000
0.000000000000,0.000000000000,0.000000000000
0.000000000000,0.000000000000,0.000000000000
0.000000000000,0.000000000000,0.000000000000
0.000000000000,0.000000000000,0.000000000000
0.000000000000,0.000000000000,0.000000000000
0.000000000000,0.000000000000,0.000000000000
0.000000000000,0.000000000000,0.000000000000
0.000000000000,0.000000000000,0.000000000000
0.000000000000,0.000000000000,0.000000000000
0.000000000000,0.000000000000,0.000000000000
0.000000000000,0.000000000000,0.000000000000
0.000000000000,0.000000000000,0.000000000000
0.000000000000,0.000000000000,0.000000000000
0.000000000000,0.000000000000,0.000000000000
0.000000000000,0.000000000000,0.000000000000
0.000000000000,0.000000000000,0.000000000000
0.000000000000,0.000000000000,0.000000000000
0.000000000000,0.000000000000,0.000000000000
0.000000000000,0.000000000000,0.000000000000
0.000000000000,0.000000000000,0.000000000000
0.000000000000,0.000000000000,0.000000000000
0.000000000000,0.000000000000,0.000000000000
0.000000000000,0.000000000000,0.000000000000
0.000000000000,0.000000000000,0.000000000000
0.000000000000,0.000000000000,0.000000000000
0.000000000000,0.000000000000,0.000000000000
0.000000000000,0.000000000000,0.000000000000
0.000000000000,0.000000000000,0.000000000000
0.000000000000,0.000000000000,0.000000000000
0.000000000000,0.000000000000,0.000000000000
0.000000000000,0.000000000000,0.000000000000
0.000000000000,0.000000000000,0.000000000000
0.000000000000,0.000000000000,0.000000000000
0.000000000000,0.000000000000,0.000000000000
0.000000000000,0.000000000000,0.000000000000
0.000000000000,0.000000000000,0.000000000000
0.000000000000,0.000000000000,0.000000000000
0.000000000000,0.000000000000,0.000000000000
0.000000000000,0.000000000000,0.000000000000
0.000000000000,0.000000000000,0.000000000000
0.000000000000,0.000000000000,0.000000000000
0.000000000000,0.000000000000,0.000000000000
0.000000000000,0.000000000000,0.000000000000
0.000000000000,0.000000000000,0.000000000000
0.000000000000,0.000000000000,0.000000000000
0.000000000000,0.000000000000,0.000000000000
0.000000000000,0.000000000000,0.000000000000
0.000000000000,0.000000000000,0.000000000000
0.000000000000,0.000000000000,0.000000000000
0.000000000000,0.000000000000,0.000000000000
0.000000000000,0.000000000000,0.000000000000
0.000000000000,0.000000000000,0.000000000000
0.000000000000,0.000000000000,0.000000000000
0.000000000000,0.000000000000,0.000000000000
45.981951973389,23.591810084015,17.609858110627
60.000000000000,60.000000000000,60.000000000000
60.000000000000,60.000000000000,60.000000000000
0.000000000000,60.000000000000,60.000000000000
45.111592855007,60.000000000000,60.000000000000
0.000000000000,60.000000000000,60.000000000000
0.000000000000,60.000000000000,60.000000000000
0.000000000000,60.000000000000,60.000000000000
0.000000000000,60.000000000000,60.000000000000
0.000000000000,60.000000000000,60.000000000000
0.000000000000,60.000000000000,60.000000000000
0.000000000000,60.000000000000,60.000000000000
60.000000000000,60.000000000000,60.000000000000
60.000000000000,60.000000000000,60.000000000000
60.000000000000,60.000000000000,60.000000000000
60.000000000000,60.000000000000,60.000000000000
1.901214720307,31.212233747007,60.000000000000
3.204465884454,51.243840762172,15.864106578730
3.925660944121,1.359766090560,37.378448299551
5.014447797636,4.272439318363,39.288216506924
0.000000000000,0.000000000000,0.000000000000
0.000000000000,0.000000000000,0.000000000000
0.000000000000,0.000000000000,0.000000000000
0.000000000000,0.000000000000,0.000000000000
0.000000000000,0.000000000000,0.000000000000
0.000000000000,0.000000000000,0.000000000000
0.000000000000,0.000000000000,0.000000000000
0.000000000000,0.000000000000,0.000000000000
0.000000000000,0.000000000000,0.000000000000
0.000000000000,0.000000000000,0.000000000000
0.000000000000,0.000000000000,0.000000000000
0.000000000000,0.000000000000,0.000000000000
0.000000000000,0.000000000000,0.000000000000
0.000000000000,0.000000000000,0.000000000000
0.000000000000,0.000000000000,0.000000000000
0.000000000000,0.000000000000,0.000000000000
0.000000000000,0.000000000000,0.000000000000
0.000000000000,0.000000000000,0.000000000000
0.000000000000,0.000000000000,0.000000000000
0.000000000000,0.000000000000,0.000000000000
0.000000000000,0.000000000000,0.000000000000
0.000000000000,0.000000000000,0.000000000000
0.000000000000,0.000000000000,0.000000000000
0.000000000000,0.000000000000,0.000000000000
0.000000000000,0.000000000000,0.000000000000
0.000000000000,0.000000000000,0.000000000000
0.000000000000,0.000000000000,0.000000000000
0.000000000000,0.000000000000,0.000000000000
0.000000000000,0.000000000000,0.000000000000
0.000000000000,0.000000000000,0.000000000000
0.000000000000,0.000000000000,0.000000000000
0.000000000000,0.000000000000,0.000000000000
0.000000000000,0.000000000000,0.000000000000
0.000000000000,0.000000000000,0.000000000000
0.000000000000,0.000000000000,0.000000000000
0.000000000000,0.000000000000,0.000000000000
0.000000000000,0.000000000000,0.000000000000
0.000000000000,0.000000000000,0.000000000000
0.000000000000,0.000000000000,0.000000000000
0.000000000000,0.000000000000,0.000000000000
0.000000000000,0.000000000000,0.000000000000
0.000000000000,0.000000000000,0.000000000000
0.000000000000,0.000000000000,0.000000000000
0.000000000000,0.000000000000,0.000000000000
0.000000000000,0.000000000000,0.000000000000
0.000000000000,0.000000000000,0.000000000000
0.000000000000,0.000000000000,0.000000000000
0.000000000000,0.000000000000,0.000000000000
0.000000000000,0.000000000000,0.000000000000
0.000000000000,0.000000000000,0.000000000000
0.000000000000,0.000000000000,0.000000000000
0.000000000000,0.000000000000,0.000000000000
0.000000000000,0.000000000000,0.000000000000
0.000000000000,0.000000000000,0.000000000000
0.000000000000,0.000000000000,0.000000000000
0.000000000000,0.000000000000,0.000000000000
0.000000000000,0.000000000000,0.000000000000
0.000000000000,0.000000000000,0.000000000000
0.000000000000,0.000000000000,0.000000000000
0.000000000000,0.000000000000,0.000000000000
0.000000000000,0.000000000000,0.000000000000
0.000000000000,0.000000000000,0.000000000000
0.000000000000,0.000000000000,0.000000000000
0.000000000000,0.000000000000,0.000000000000
0.000000000000,0.000000000000,0.000000000000
0.000000000000,0.000000000000,0.000000000000
0.000000000000,0.000000000000,0.000000000000
0.000000000000,0.000000000000,0.000000000000
0.000000000000,0.000000000000,0.000000000000
0.000000000000,0.000000000000,0.000000000000
0.000000000000,0.000000000000,0.000000000000
0.000000000000,0.000000000000,0.000000000000
0.000000000000,0.000000000000,0.000000000000
0.000000000000,0.000000000000,0.000000000000
0.000000000000,0.000000000000,0.000000000000
0.000000000000,0.000000000000,0.000000000000
0.000000000000,0.000000000000,0.000000000000
0.000000000000,0.000000000000,0.000000000000
0.000000000000,0.000000000000,0.000000000000
0.000000000000,0.000000000000,0.000000000000
39.984977739916,19.275493928485,19.290516188569
40.993504189727,21.939732676452,20.946228486726
41.998264953665,24.206542918557,22.208277964895
43.000119246271,26.117200463288,23.117081217017
44.000385586017,28.067609829851,24.067224243833
44.999975206341,30.065909589595,25.065934383254
45.999965238784,32.065869264814,26.065904026030
46.999965008638,34.065868516427,27.065903507789
47.999965004433,36.065868517855,28.065903513423
48.999964951973,38.065868410557,29.065903458584
49.999956613373,40.065851797545,30.065895184171
50.999984013989,42.064945637419,31.064961623410
51.999932177545,44.065904427736,32.065972241538
52.999252975010,46.062472939454,33.063219957727
54.001368973084,47.992658496406,33.991294650605
54.999950543881,50.080361791221,35.080434689637
56.003820923111,52.013507593945,36.010017384653
56.986471190530,54.363882183279,37.378083958177
58.023368745215,56.030424541179,37.942785536740
59.014797182753,58.732795231754,39.717019655924
0.000000000000,0.000000000000,0.000000000000
0.000000000000,0.000000000000,0.000000000000
0.000000000000,0.000000000000,0.000000000000
0.000000000000,0.000000000000,0.000000000000
0.000000000000,0.000000000000,0.000000000000
0.000000000000,0.000000000000,0.000000000000
0.000000000000,0.000000000000,0.000000000000
0.000000000000,0.000000000000,0.000000000000
0.000000000000,0.000000000000,0.000000000000
0.000000000000,0.000000000000,0.000000000000
0.000000000000,0.000000000000,0.000000000000
0.000000000000,0.000000000000,0.000000000000
0.000000000000,0.000000000000,0.000000000000
0.000000000000,0.000000000000,0.000000000000
0.000000000000,0.000000000000,0.000000000000
0.000000000000,0.000000000000,0.000000000000
0.000000000000,0.000000000000,0.000000000000
0.000000000000,0.000000000000,0.000000000000
0.000000000000,0.000000000000,0.000000000000
0.000000000000,0.000000000000,0.000000000000
0.000000000000,0.000000000000,0.000000000000
0.000000000000,0.000000000000,0.000000000000
0.000000000000,0.000000000000,0.000000000000
0.000000000000,0.000000000000,0.000000000000
0.000000000000,0.000000000000,0.000000000000
0.000000000000,0.000000000000,0.000000000000
0.000000000000,0.000000000000,0.000000000000
0.000000000000,0.000000000000,0.000000000000
0.000000000000,0.000000000000,0.000000000000
0.000000000000,0.000000000000,0.000000000000
0.000000000000,0.000000000000,0.000000000000
0.000000000000,0.000000000000,0.000000000000
0.000000000000,0.000000000000,0.000000000000
0.000000000000,0.000000000000,0.000000000000
0.000000000000,0.000000000000,0.000000000000
0.000000000000,0.000000000000,0.000000000000
0.000000000000,0.000000000000,0.000000000000
0.000000000000,0.000000000000,0.000000000000
0.000000000000,0.000000000000,0.000000000000
0.000000000000,0.000000000000,0.000000000000
0.000000000000,0.000000000000,0.000000000000
0.000000000000,0.000000000000,0.000000000000
0.000000000000,0.000000000000,0.000000000000
0.000000000000,0.000000000000,0.000000000000
0.000000000000,0.000000000000,0.000000000000
0.000000000000,0.000000000000,0.000000000000
0.000000000000,0.000000000000,0.000000000000
0.000000000000,0.000000000000,0.000000000000
0.000000000000,0.000000000000,0.000000000000
0.000000000000,0.000000000000,0.000000000000
0.000000000000,0.000000000000,0.000000000000
0.000000000000,0.000000000000,0.000000000000
0.000000000000,0.000000000000,0.000000000000
0.000000000000,0.000000000000,0.000000000000
0.000000000000,0.000000000000,0.000000000000
0.000000000000,0.000000000000,0.000000000000
0.000000000000,0.000000000000,0.000000000000
0.000000000000,0.000000000000,0.000000000000
0.000000000000,0.000000000000,0.000000000000
0.000000000000,0.000000000000,0.000000000000
0.000000000000,0.000000000000,0.000000000000
0.000000000000,0.000000000000,0.000000000000
0.000000000000,0.000000000000,0.000000000000
0.000000000000,0.000000000000,0.000000000000
0.000000000000,0.000000000000,0.000000000000
0.000000000000,0.000000000000,0.000000000000
0.000000000000,0.000000000000,0.000000000000
0.000000000000,0.000000000000,0.000000000000
0.000000000000,0.000000000000,0.000000000000
0.000000000000,0.000000000000,0.000000000000
0.000000000000,0.000000000000,0.000000000000
0.000000000000,0.000000000000,0.000000000000
0.000000000000,0.000000000000,0.000000000000
0.000000000000,0.000000000000,0.000000000000
0.000000000000,0.000000000000,0.000000000000
0.000000000000,0.000000000000,0.000000000000
0.000000000000,0.000000000000,0.000000000000
0.000000000000,0.000000000000,0.000000000000
0.000000000000,0.000000000000,0.000000000000
0.000000000000,0.000000000000,0.000000000000
40.982405636339,19.353605259768,18.371199623429
41.991962440888,21.708121565818,19.716159124923
60.000000000000,60.000000000000,60.000000000000
43.947027143920,21.655398264586,25.601558263765
0.000000000000,60.000000000000,60.000000000000
41.383852794073,60.000000000000,60.000000000000
46.646769230792,60.000000000000,60.000000000000
60.000000000000,60.000000000000,60.000000000000
0.000000000000,60.000000000000,60.000000000000
0.000000000000,60.000000000000,60.000000000000
0.000000000000,60.000000000000,60.000000000000
0.000000000000,60.000000000000,60.000000000000
0.000000000000,60.000000000000,60.000000000000
53.940714956228,10.467100430809,24.407814489165
60.000000000000,60.000000000000,60.000000000000
55.995973579534,49.141705082524,33.146243815711
60.000000000000,60.000000000000,60.000000000000
58.000973619937,54.290490233735,36.299291840900
59.027739644572,56.477243991390,37.542715083616
0.075499753590,59.749076290700,39.762930193671
0.000000000000,0.000000000000,0.000000000000
0.000000000000,0.000000000000,0.000000000000
0.000000000000,0.000000000000,0.000000000000
0.000000000000,0.000000000000,0.000000000000
0.000000000000,0.000000000000,0.000000000000
0.000000000000,0.000000000000,0.000000000000
0.000000000000,0.000000000000,0.000000000000
0.000000000000,0.000000000000,0.000000000000
0.000000000000,0.000000000000,0.000000000000
0.000000000000,0.000000000000,0.000000000000
0.000000000000,0.000000000000,0.000000000000
0.000000000000,0.000000000000,0.000000000000
0.000000000000,0.000000000000,0.000000000000
0.000000000000,0.000000000000,0.000000000000
0.000000000000,0.000000000000,0.000000000000
0.000000000000,0.000000000000,0.000000000000
0.000000000000,0.000000000000,0.000000000000
0.000000000000,0.000000000000,0.000000000000
0.000000000000,0.000000000000,0.000000000000
0.000000000000,0.000000000000,0.000000000000
0.000000000000,0.000000000000,0.000000000000
0.000000000000,0.000000000000,0.000000000000
0.000000000000,0.000000000000,0.000000000000
0.000000000000,0.000000000000,0.000000000000
0.000000000000,0.000000000000,0.000000000000
0.000000000000,0.000000000000,0.000000000000
0.000000000000,0.000000000000,0.000000000000
0.000000000000,0.000000000000,0.000000000000
0.000000000000,0.000000000000,0.000000000000
0.000000000000,0.000000000000,0.000000000000
0.000000000000,0.000000000000,0.000000000000
0.000000000000,0.000000000000,0.000000000000
0.000000000000,0.000000000000,0.000000000000
0.000000000000,0.000000000000,0.000000000000
0.000000000000,0.000000000000,0.000000000000
0.000000000000,0.000000000000,0.000000000000
0.000000000000,0.000000000000,0.000000000000
0.000000000000,0.000000000000,0.000000000000
0.000000000000,0.000000000000,0.000000000000
0.000000000000,0.000000000000,0.000000000000
0.000000000000,0.000000000000,0.000000000000
0.000000000000,0.000000000000,0.000000000000
0.000000000000,0.000000000000,0.000000000000
0.000000000000,0.000000000000,0.000000000000
0.000000000000,0.000000000000,0.000000000000
0.000000000000,0.000000000000,0.000000000000
0.000000000000,0.000000000000,0.000000000000
0.000000000000,0.000000000000,0.000000000000
0.000000000000,0.000000000000,0.000000000000
0.000000000000,0.000000000000,0.000000000000
0.000000000000,0.000000000000,0.000000000000
0.000000000000,0.000000000000,0.000000000000
0.000000000000,0.000000000000,0.000000000000
0.000000000000,0.000000000000,0.000000000000
0.000000000000,0.000000000000,0.000000000000
0.000000000000,0.000000000000,0.000000000000
0.000000000000,0.000000000000,0.000000000000
0.000000000000,0.000000000000,0.000000000000
0.000000000000,0.000000000000,0.000000000000
0.000000000000,0.000000000000,0.000000000000
0.000000000000,0.000000000000,0.000000000000
0.000000000000,0.000000000000,0.000000000000
0.000000000000,0.000000000000,0.000000000000
0.000000000000,0.000000000000,0.000000000000
0.000000000000,0.000000000000,0.000000000000
0.000000000000,0.000000000000,0.000000000000
0.000000000000,0.000000000000,0.000000000000
0.000000000000,0.000000000000,0.000000000000
0.000000000000,0.000000000000,0.000000000000
0.000000000000,0.000000000000,0.000000000000
0.000000000000,0.000000000000,0.000000000000
0.000000000000,0.000000000000,0.000000000000
0.000000000000,0.000000000000,0.000000000000
0.000000000000,0.000000000000,0.000000000000
0.000000000000,0.000000000000,0.000000000000
0.000000000000,0.000000000000,0.000000000000
0.000000000000,0.000000000000,0.000000000000
0.000000000000,0.000000000000,0.000000000000
0.000000000000,0.000000000000,0.000000000000
0.000000000000,0.000000000000,0.000000000000
41.980672974191,20.118147938682,18.137474964491
60.000000000000,60.000000000000,60.000000000000
44.183839042737,1.787189300126,6.884594763497
0.000000000000,60.000000000000,60.000000000000
44.813841721757,60.000000000000,60.000000000000
0.000000000000,60.000000000000,60.000000000000
0.000000000000,60.000000000000,60.000000000000
0.000000000000,60.000000000000,60.000000000000
0.000000000000,60.000000000000,60.000000000000
0.000000000000,60.000000000000,60.000000000000
0.000000000000,60.000000000000,60.000000000000
0.000000000000,60.000000000000,60.000000000000
52.645572176181,55.837164512185,55.909703676761
60.000000000000,60.000000000000,60.000000000000
34.902886459999,38.919039778904,2.708580779817
60.000000000000,60.000000000000,60.000000000000
57.954912041481,34.644563352329,16.683897718088
59.254479812311,21.754935165340,38.215961230088
0.001290561207,21.833781318507,2.107573960748
0.997864892858,0.000645973917,38.865677063220
0.000000000000,0.000000000000,0.000000000000
0.000000000000,0.000000000000,0.000000000000
0.000000000000,0.000000000000,0.000000000000
0.000000000000,0.000000000000,0.000000000000
0.000000000000,0.000000000000,0.000000000000
0.000000000000,0.000000000000,0.000000000000
0.000000000000,0.000000000000,0.000000000000
0.000000000000,0.000000000000,0.000000000000
0.000000000000,0.000000000000,0.000000000000
0.000000000000,0.000000000000,0.000000000000
0.000000000000,0.000000000000,0.000000000000
0.000000000000,0.000000000000,0.000000000000
0.000000000000,0.000000000000,0.000000000000
0.000000000000,0.000000000000,0.000000000000
0.000000000000,0.000000000000,0.000000000000
0.000000000000,0.000000000000,0.000000000000
0.000000000000,0.000000000000,0.000000000000
0.000000000000,0.000000000000,0.000000000000
0.000000000000,0.000000000000,0.000000000000
0.000000000000,0.000000000000,0.000000000000
0.000000000000,0.000000000000,0.000000000000
0.000000000000,0.000000000000,0.000000000000
0.000000000000,0.000000000000,0.000000000000
0.000000000000,0.000000000000,0.000000000000
0.000000000000,0.000000000000,0.000000000000
0.000000000000,0.000000000000,0.000000000000
0.000000000000,0.000000000000,0.000000000000
0.000000000000,0.000000000000,0.000000000000
0.000000000000,0.000000000000,0.000000000000
0.000000000000,0.000000000000,0.000000000000
0.000000000000,0.000000000000,0.000000000000
0.000000000000,0.000000000000,0.000000000000
0.000000000000,0.000000000000,0.000000000000
0.000000000000,0.000000000000,0.000000000000
0.000000000000,0.000000000000,0.000000000000
0.000000000000,0.000000000000,0.000000000000
0.000000000000,0.000000000000,0.000000000000
0.000000000000,0.000000000000,0.000000000000
0.000000000000,0.000000000000,0.000000000000
0.000000000000,0.000000000000,0.000000000000
0.000000000000,0.000000000000,0.000000000000
0.000000000000,0.000000000000,0.000000000000
0.000000000000,0.000000000000,0.000000000000
0.000000000000,0.000000000000,0.000000000000
0.000000000000,0.000000000000,0.000000000000
0.000000000000,0.000000000000,0.000000000000
0.000000000000,0.000000000000,0.000000000000
0.000000000000,0.000000000000,0.000000000000
0.000000000000,0.000000000000,0.000000000000
0.000000000000,0.000000000000,0.000000000000
0.000000000000,0.000000000000,0.000000000000
0.000000000000,0.000000000000,0.000000000000
0.000000000000,0.000000000000,0.000000000000
0.000000000000,0.000000000000,0.000000000000
0.000000000000,0.000000000000,0.000000000000
0.000000000000,0.000000000000,0.000000000000
0.000000000000,0.000000000000,0.000000000000
0.000000000000,0.000000000000,0.000000000000
0.000000000000,0.000000000000,0.000000000000
0.000000000000,0.000000000000,0.000000000000
0.000000000000,0.000000000000,0.000000000000
0.000000000000,0.000000000000,0.000000000000
0.000000000000,0.000000000000,0.000000000000
0.000000000000,0.000000000000,0.000000000000
0.000000000000,0.000000000000,0.000000000000
0.000000000000,0.000000000000,0.000000000000
0.000000000000,0.000000000000,0.000000000000
0.000000000000,0.000000000000,0.000000000000
0.000000000000,0.000000000000,0.000000000000
0.000000000000,0.000000000000,0.000000000000
0.000000000000,0.000000000000,0.000000000000
0.000000000000,0.000000000000,0.000000000000
0.000000000000,0.000000000000,0.000000000000
0.000000000000,0.000000000000,0.000000000000
0.000000000000,0.000000000000,0.000000000000
0.000000000000,0.000000000000,0.000000000000
0.000000000000,0.000000000000,0.000000000000
0.000000000000,0.000000000000,0.000000000000
0.000000000000,0.000000000000,0.000000000000
0.000000000000,0.000000000000,0.000000000000
42.984983034985,21.515649443079,18.530666408094
43.996970419314,27.287704029665,23.290733610351
60.000000000000,60.000000000000,60.000000000000
49.765857849929,33.922053110234,33.989312242480
38.143370143757,60.000000000000,60.000000000000
25.057842729410,60.000000000000,60.000000000000
60.000000000000,60.000000000000,60.000000000000
60.000000000000,60.000000000000,60.000000000000
60.000000000000,0.000000000000,0.000000000000
60.000000000000,0.000000000000,0.000000000000
60.000000000000,60.000000000000,60.000000000000
22.323097058654,60.000000000000,60.000000000000
60.000000000000,60.000000000000,60.000000000000
26.537125276387,44.575865325814,40.856465471680
60.000000000000,60.000000000000,60.000000000000
58.030117733872,31.200079190479,48.639150904218
58.902427769291,33.696836727112,60.000000000000
0.004452235210,5.525012117105,13.756033838038
1.024933668910,59.890444997251,39.093849951044
1.998696891815,1.692193912629,39.722587411624
0.000000000000,0.000000000000,0.000000000000
0.000000000000,0.000000000000,0.000000000000
0.000000000000,0.000000000000,0.000000000000
0.000000000000,0.000000000000,0.000000000000
0.000000000000,0.000000000000,0.000000000000
0.000000000000,0.000000000000,0.000000000000
0.000000000000,0.000000000000,0.000000000000
0.000000000000,0.000000000000,0.000000000000
0.000000000000,0.000000000000,0.000000000000
0.000000000000,0.000000000000,0.000000000000
0.000000000000,0.000000000000,0.000000000000
0.000000000000,0.000000000000,0.000000000000
0.000000000000,0.000000000000,0.000000000000
0.000000000000,0.000000000000,0.000000000000
0.000000000000,0.000000000000,0.000000000000
0.000000000000,0.000000000000,0.000000000000
0.000000000000,0.000000000000,0.000000000000
0.000000000000,0.000000000000,0.000000000000
0.000000000000,0.000000000000,0.000000000000
0.000000000000,0.000000000000,0.000000000000
0.000000000000,0.000000000000,0.000000000000
0.000000000000,0.000000000000,0.000000000000
0.000000000000,0.000000000000,0.000000000000
0.000000000000,0.000000000000,0.000000000000
0.000000000000,0.000000000000,0.000000000000
0.000000000000,0.000000000000,0.000000000000
0.000000000000,0.000000000000,0.000000000000
0.000000000000,0.000000000000,0.000000000000
0.000000000000,0.000000000000,0.000000000000
0.000000000000,0.000000000000,0.000000000000
0.000000000000,0.000000000000,0.000000000000
0.000000000000,0.000000000000,0.000000000000
0.000000000000,0.000000000000,0.000000000000
0.000000000000,0.000000000000,0.000000000000
0.000000000000,0.000000000000,0.000000000000
0.000000000000,0.000000000000,0.000000000000
0.000000000000,0.000000000000,0.000000000000
0.000000000000,0.000000000000,0.000000000000
0.000000000000,0.000000000000,0.000000000000
0.000000000000,0.000000000000,0.000000000000
